18030585328
18224024308
13980868525
18224024308
15892630969
18380323650
18780018178
13438812368
13678101993
13880706902
13980767762
13458517484
15520891368
18030409114
13458218988
15680882367
18483618970
18200297232
18030645535
18987732458
18030645535
15828492845
18381091286
18224024308
17608012990
17608012990
13981866261
18350587563
15095183238
13072875448
17337117611
18011446162
17002818666
18680286681
18680286681
13628061669
13438123924
18180757961
18868101102
13880470386
13880470386
18011512331
18981064127
15908198086
18868101102
18868101102
15828670928
13982075301
15928412408
18868101102
13880176011
18030863076
93815164173
15908198086
18600198615
18600198615
18324409653
18782227758
13908050483
18030891404
18030891404
18224024308
15882250493
13076008278
15982268769
18645545689

